$ 1 0.000005 10.20027730826997 50 5 50 5e-11
155 592 400 688 400 2 0
155 592 720 704 720 2 0
155 592 256 688 256 2 0
154 944 288 1088 288 0 2 0 5
154 960 448 1072 448 0 2 0 5
154 864 656 992 656 0 2 0 5
152 1024 672 1152 672 0 2 0 5
I 1088 288 1136 288 0 0.5 5
150 1152 624 1264 624 0 2 0 5
150 864 736 976 736 0 2 0 5
w 784 704 784 800 0
w 992 656 1024 656 0
w 976 736 1008 736 0
w 1008 736 1008 688 0
w 1008 688 1024 688 0
w 1152 672 1152 640 0
w 1072 256 1136 256 0
w 1072 416 1136 416 0
w 592 288 512 288 0
w 592 432 512 432 0
w 592 320 576 320 0
w 576 320 544 320 0
w 592 464 544 464 0
150 304 256 400 256 0 2 0 5
w 432 256 592 256 0
w 128 336 96 336 0
152 208 464 304 464 0 2 0 5
150 304 400 400 400 0 2 0 5
w 432 400 592 400 0
152 224 880 304 880 0 2 0 5
152 400 720 480 720 0 2 0 5
152 224 640 304 640 0 2 0 5
150 320 752 400 752 0 2 0 5
150 320 688 400 688 0 2 0 5
150 144 608 224 608 0 2 0 5
I 256 704 304 704 0 0.5 5
w 816 800 816 944 0
w 800 800 800 960 0
162 784 112 784 48 2 default-led 1 0 0 0.01
162 800 112 800 48 2 default-led 1 0 0 0.01
162 816 112 816 48 2 default-led 1 0 0 0.01
w 816 48 880 48 0
g 880 48 880 80 0 0
w 784 48 800 48 0
w 800 48 816 48 0
r 784 176 784 112 0 470
r 800 176 800 112 0 470
r 816 176 816 112 0 470
s 128 208 224 208 0 1 false
w 256 240 256 384 0
w 256 384 256 592 0
w 512 288 512 432 0
w 544 320 544 464 0
w 784 176 784 256 0
w 784 256 784 304 0
w 784 608 784 704 0
w 800 176 800 256 0
w 800 256 800 400 0
w 800 400 800 416 0
w 800 640 800 720 0
w 800 720 800 800 0
w 816 432 816 544 0
w 816 544 816 672 0
w 816 672 816 704 0
w 816 752 816 800 0
g 544 928 544 960 0 0
r 544 816 544 928 0 1000
w 592 816 544 816 0
w 592 928 544 928 0
w 512 784 512 816 0
w 512 928 544 928 0
209 592 816 592 928 4 0.000001 0.001 0.001 0.1 1
w 544 800 544 816 0
s 512 208 512 160 0 1 true
s 544 208 544 160 0 1 true
w 512 816 512 832 0
r 512 848 512 896 0 1000
w 512 896 512 928 0
150 1152 272 1248 272 0 2 0 5
w 1136 256 1152 256 0
w 1136 288 1152 288 0
w 1248 272 1264 272 0
150 1152 432 1232 432 0 2 0 5
w 1232 432 1264 432 0
w 1136 416 1152 416 0
w 1136 448 1152 448 0
w 1136 608 1152 608 0
w 96 304 128 304 0
w 48 336 96 336 0
150 144 432 208 432 0 2 0 5
150 144 496 208 496 0 2 0 5
w 320 704 304 704 0
w 256 704 256 592 0
w 256 704 256 736 0
w 320 736 256 736 0
w 400 688 400 704 0
w 400 752 400 736 0
150 144 672 224 672 0 2 0 5
x 629 -105 935 -102 4 24 Stato\sdella\sMacchina\sin\sGray
x 919 -63 1217 -60 4 24 Uscita\sdella\smacchina\sin\sBN
x 920 -37 1150 -34 4 24 Sequenza:\s{1,3,5,2,4}
x 734 38 856 41 4 24 Q2,\sQ1,\sQ0
x 140 170 268 173 4 24 Switch\sStart
R 128 112 128 48 0 0 40 5 0 0 0.5
w 128 160 128 208 0
x 364 171 488 174 4 24 Tasto\sClock
x 556 173 682 176 4 24 Tasto\sReset
x 832 232 1216 235 4 24 Logica\sdi\sconversione\sda\sGray\sa\sBN
w 816 272 816 400 0
w 816 400 816 432 0
w 800 416 800 544 0
w 800 640 800 544 0
w 816 176 816 224 0
w 816 224 816 272 0
w 784 464 784 544 0
w 784 544 784 608 0
150 -64 704 16 704 0 2 0 5
154 -64 768 16 768 0 2 0 5
I 16 768 64 768 0 0.5 5
150 144 912 224 912 0 3 0 5
w 784 304 784 400 0
w 784 464 784 400 0
150 144 848 224 848 0 2 0 5
w 208 432 208 448 0
w 208 496 208 480 0
w 224 608 224 624 0
w 224 672 224 656 0
w 224 864 224 848 0
w 224 912 224 896 0
w 688 320 720 320 0
w 688 464 736 464 0
w 752 784 752 816 0
w 720 800 720 944 0
w 736 800 736 960 0
w 752 816 752 976 0
w 736 464 736 800 0
w 720 320 736 320 0
w 736 320 752 320 0
w 784 800 784 1008 0
x -233 244 -111 247 4 24 Q2,\sQ1,\sQ0
w 144 592 -160 592 0
w 144 656 -176 656 0
152 64 720 144 720 0 2 0 5
w 144 688 144 720 0
w 16 704 64 704 0
w 64 768 64 736 0
w -64 720 -192 720 0
w -64 752 -160 752 0
w -64 784 -192 784 0
w 320 848 320 768 0
w 320 848 320 880 0
r 480 848 480 896 0 1000
w 256 240 256 208 0
w 288 208 256 208 0
w 256 208 224 208 0
w 288 384 256 384 0
w -176 336 48 336 0
w 144 416 -160 416 0
w 144 512 -176 512 0
w 96 304 -304 304 0
w 144 448 -336 448 0
w 144 480 -304 480 0
w 144 624 -336 624 0
w -64 688 -304 688 0
w -176 256 -176 336 0
w -176 336 -176 512 0
w -176 512 -176 656 0
w -176 656 -176 912 0
w -176 912 -176 960 0
w -192 720 -192 784 0
w -192 784 -192 896 0
w -192 720 -192 256 0
w -192 896 -192 960 0
w -160 416 -160 592 0
w -160 592 -160 752 0
w -160 416 -160 256 0
w -160 752 -160 960 0
w -304 304 -304 480 0
w -304 304 -304 256 0
w -304 480 -304 688 0
w -304 928 -304 688 0
w -304 960 -304 928 0
w -320 960 -320 832 0
w -320 832 -320 256 0
w -336 448 -336 624 0
w -336 864 -336 624 0
w -336 448 -336 256 0
w -336 864 -336 960 0
w -160 960 -160 1056 0
w -176 960 -176 1072 0
w -192 960 -192 1088 0
w 816 944 816 1056 0
w -336 960 -336 1024 0
w 752 1024 752 976 0
w -320 960 -320 1008 0
w 736 960 736 1008 0
w -304 960 -304 992 0
w 720 944 720 992 0
w 304 640 304 672 0
w 320 672 304 672 0
w 320 880 304 880 0
w 144 832 -320 832 0
w 144 864 -336 864 0
w 144 896 -192 896 0
w 144 912 -176 912 0
w 144 928 -304 928 0
w 288 384 304 384 0
w 304 464 304 416 0
w 400 400 432 400 0
w 288 208 288 240 0
w 304 240 288 240 0
w 224 320 304 320 0
w 304 272 304 320 0
w 400 256 432 256 0
x -388 245 -252 248 4 24 Q2',\sQ1',\sQ0'
w 480 720 592 720 0
w 592 752 512 752 0
w 544 464 544 784 0
w 592 784 544 784 0
w 512 432 512 752 0
w 688 784 720 784 0
w 720 800 720 784 0
w -304 992 720 992 0
w -320 1008 736 1008 0
w -336 1024 752 1024 0
w 688 400 800 400 0
w 688 256 784 256 0
w -160 1056 816 1056 0
w -176 1072 800 1072 0
w 800 960 800 1072 0
w -192 1088 784 1088 0
w 784 1008 784 1088 0
w 544 800 544 784 0
w 512 784 512 752 0
w 1072 448 1136 448 0
w 1088 608 864 608 0
w 960 464 864 464 0
w 960 432 864 432 0
w 1072 416 864 416 0
w 944 304 864 304 0
w 944 272 864 272 0
w 1072 256 864 256 0
w 864 256 800 256 0
w 864 272 816 272 0
w 864 304 784 304 0
w 864 416 800 416 0
w 864 432 816 432 0
w 864 464 784 464 0
w 1136 608 1088 608 0
w 864 608 752 608 0
w 752 320 752 608 0
w 752 608 752 784 0
w 864 640 848 640 0
w 848 640 800 640 0
w 864 672 816 672 0
w 864 752 816 752 0
w 688 720 688 736 0
w 688 736 816 736 0
w 816 752 816 736 0
w 816 704 816 736 0
w 864 720 800 720 0
150 144 320 208 320 0 2 0 5
w 128 304 144 304 0
w 128 336 144 336 0
w 208 320 224 320 0
162 928 112 928 48 2 default-led 1 0 0 0.01
162 960 112 960 48 2 default-led 1 0 0 0.01
162 992 112 992 48 2 default-led 1 0 0 0.01
r 928 112 928 160 0 470
r 960 112 960 160 0 470
r 992 112 992 160 0 470
w 992 48 960 48 0
w 928 160 928 192 0
w 1264 272 1264 192 0
w 960 160 960 176 0
w 1280 176 1280 432 0
w 1280 432 1264 432 0
w 1264 624 1296 624 0
w 880 48 928 48 0
w 960 48 928 48 0
w 1296 624 1296 192 0
w 928 192 1264 192 0
w 1280 176 960 176 0
w 992 160 1296 160 0
w 1296 192 1296 160 0
x 920 -11 1226 -8 4 24 in\sBN\s{001,011,101,010,100}
w 512 288 512 208 0
w 544 320 544 208 0
w 128 112 128 160 0
w 544 160 544 112 0
w 512 832 512 848 0
w 512 928 480 928 0
w 480 896 480 928 0
w 480 848 480 800 0
w 256 736 256 800 0
w 256 800 480 800 0
x 327 948 535 951 4 24 Resistori\sPull\sDown
w 512 160 512 112 0
w 544 112 512 112 0
w 512 112 128 112 0
x 779 -83 819 -80 4 24 000
x 780 -65 820 -62 4 24 001
x 781 -48 819 -45 4 24 011
x 782 -28 822 -25 4 24 010
x 784 -10 822 -7 4 24 110
x 785 9 821 12 4 24 111
x 1201 321 1259 324 4 24 Out\s2
x 1209 674 1267 677 4 24 Out\s0
x 1208 471 1266 474 4 24 Out\s1
x 399 243 429 246 4 24 D2
x 403 386 433 389 4 24 D1
x 471 707 501 710 4 24 D0
x 920 17 1858 20 4 24 In\scaso\sdi\sStart\s\q\s0\sdurante\sil\sfunzionamento\sla\smacchina\storna\ssempre\sallo\sstato\s1\s(001)
x -1 37 684 40 4 24 DISIM\sUnivAQ\sRiccardo\sBeniamino\s24\s40\s54\sgithub.com/rickb3n
